# Simulated events (2332.316221633294) for detectorDetA_mock
# Phonon energy in keV
# Lightyield (light energy/phonon energy)
# 2318
0.71735847 1.22360374
1.86491452 1.19890444
5.77689729 1.05032448
5.71673472 0.93247667
14.5481982 1.54138791
3.02773723 1.28307794
11.1669155 0.96816159
6.54371375 0.75227571
3.36645192 1.13063430
11.3522289 0.75409183
3.66494994 1.51069187
9.70798354 0.67046714
3.47935199 0.87332001
2.73526972 1.34561844
1.96949212 1.79779269
8.03650944 1.02428976
0.66256978 0.38755200
3.15477756 1.98212139
10.8973318 1.37238245
3.32372585 1.47161910
2.12928384 1.42136643
0.66244694 1.11072302
6.91581375 0.88068458
3.59518973 1.25765443
1.15092207 0.26433488
3.86976606 0.80471877
2.69569379 0.87338828
0.51653848 1.76484964
5.27925117 1.03824380
0.13814754 -2.6407513
3.65692767 0.91899330
10.9811214 0.79735397
9.92089702 1.59932826
12.2166097 1.56778194
3.60288529 0.85131714
15.3836496 1.15555667
0.73295743 1.26616787
10.1073289 1.19196427
6.58349544 0.85433522
5.16306121 0.22568606
2.51460542 1.73672694
0.88646572 1.07900609
4.07013080 0.44780431
7.90700773 1.05894129
13.2204835 1.03232723
4.61672522 1.24361063
9.87009717 1.36869881
11.4297287 1.33691398
4.03286939 1.04533224
7.74643708 0.75548575
0.24671753 -1.4428443
4.15003980 0.95043544
9.45473236 0.91936330
1.60986962 1.23058127
8.29942005 1.19633025
5.71477425 0.83852275
2.83891737 1.23309703
13.2476718 1.05967609
3.83451821 1.32267581
0.14921588 0.19818374
1.73501140 1.21856106
8.38746210 0.60937293
14.5893545 1.32324913
11.3876498 1.01069379
3.58399618 0.72843330
1.14317088 0.34787596
0.31486919 -0.7928437
4.37716263 1.35799406
9.47992210 1.01872547
6.00345922 1.16607482
15.5080462 1.31706200
3.34296011 1.37078455
13.6548337 1.11880967
15.6082888 1.02408155
0.40620296 1.03552510
3.66191642 0.66110260
1.33462697 1.22853934
7.64242629 1.39399676
6.38742735 1.16043041
10.2572193 1.30504148
11.9745576 1.01578158
5.13864536 1.65488665
1.95477855 0.83486969
1.08927558 0.70269976
5.24376700 1.26452270
3.34701825 1.12797078
9.43301223 1.74169115
2.93470837 0.55943442
1.84611647 1.23713949
7.45045638 1.00590640
9.24845649 1.14547466
11.5416986 1.12590335
11.5903658 0.93663401
10.4764173 1.00754837
8.03971302 1.15598180
4.33429638 1.21245171
8.41600874 0.89123154
12.3485828 1.11436469
6.57180272 0.75279051
12.0178729 1.25960577
7.26268043 1.25699753
0.91852584 0.76501213
10.6717038 1.00629901
13.7520151 1.61933983
12.6148748 1.10079257
10.2479992 1.23976002
2.98583021 1.37447166
14.9226219 1.36681549
5.36839829 0.73395660
6.60579143 1.20868973
1.19688984 0.58473922
6.45742669 1.01443475
8.70145628 1.09537785
7.50749469 1.25718645
0.39363540 -0.1685814
2.43046654 1.47305623
10.5926695 0.72728650
8.64626031 1.23100145
0.33520414 -0.6512733
3.41301475 1.12169744
2.42297922 1.23886873
10.1616690 1.20669353
15.2742821 1.39180562
1.48194350 0.91227311
1.03544006 0.09178553
11.5430624 1.01245738
2.83793330 0.66240149
8.74865900 1.48369229
0.55191450 -0.1900841
7.00863247 1.22459160
8.82750280 1.43030978
9.73780144 1.12033305
3.76793015 0.60647940
4.43593360 1.78556434
4.22875333 1.32308109
14.8691290 0.97181164
10.5265356 0.66270861
5.09232915 0.64645205
7.89192717 1.04641634
13.5920891 1.02363039
13.0966062 0.90836510
9.07664050 1.57951008
5.22061772 1.49046659
1.53846296 0.84691020
1.39119294 1.14859258
2.07241168 0.81590590
8.74138139 1.22772481
6.36909057 0.90334851
12.0522705 1.66689227
15.7363574 1.26289479
7.72931245 1.57252475
4.99270847 1.28416786
1.21091704 0.70858941
8.07785488 0.86568581
12.6696738 1.03655072
3.29543766 1.00416861
9.00802493 1.25280084
4.92145301 1.13437604
12.8168465 1.15306872
2.47204854 0.64914505
2.47458243 1.53058206
4.83217159 1.80449954
7.80539542 1.24041953
1.11746450 1.20188447
2.26666255 0.79929167
14.5812060 0.83182199
5.49558421 1.11065384
10.6180516 0.98182146
10.9234523 0.95587323
1.66379203 -0.0409901
15.0489528 1.41835237
14.7161169 1.89849930
8.83563210 1.38873931
6.50792414 0.89683195
11.5953146 1.02938300
1.52183976 0.54774336
7.19814548 1.06114423
12.2033950 0.99762552
5.42119945 2.78651765
12.1315090 1.56009160
9.57865165 2.05635679
14.1794296 1.68982136
7.41647868 5.73242864
8.65151248 1.97323736
2.36833559 1.04381040
3.17821295 1.04534583
1.61195016 3.43829973
15.3456993 1.18803630
1.07849155 35.7709649
1.25070065 21.3576282
6.29380654 3.07605118
9.08811994 1.04401666
14.1236315 1.32307073
2.09763527 10.7457571
12.4267873 1.26115590
13.2504544 1.44957211
8.99799332 2.46144620
12.1866257 1.28708956
10.3095377 2.68865714
1.15449444 11.8777335
4.14742718 2.34825548
2.39126964 3.34969799
13.9034331 3.36549160
4.65699308 1.28246082
8.04006570 5.88723791
0.20187107 1.43227824
7.09919171 3.85582233
9.55359943 1.39141108
1.52410020 3.69920083
8.23674301 1.43541560
12.1580745 0.65223087
4.12924750 5.10121148
3.56158414 3.19577905
3.89253126 2.62556276
15.7561068 2.07289753
11.7402534 2.37236632
0.73741646 5.62170325
2.96176791 5.72647756
10.0252114 2.74638031
15.7327137 0.93280576
9.01133214 1.96878045
8.10461688 1.58224584
12.2730520 2.66516682
15.4134649 0.99183296
9.54310668 1.15868990
3.02998902 1.37160408
0.34093051 32.9724962
11.2972175 1.12651488
8.50636821 2.53259988
9.58744050 2.33947097
8.17186842 1.38885965
0.08972177 43.5344650
7.76729296 5.92706845
4.50382890 6.24138521
6.38335843 4.97446060
5.18466300 1.59516454
8.28595842 1.55436208
11.7239419 1.50520727
9.38550690 0.94688418
5.94762942 1.26704617
7.92026958 3.42120161
8.42910284 1.05569030
11.0268144 1.03131332
1.27575868 6.85048960
13.1611873 1.00753115
4.89396006 3.44318154
2.69645569 3.04722981
10.5345246 1.60651921
6.77796626 2.50819544
1.97248681 2.74203142
2.19564105 4.96904747
6.42264748 1.13699930
5.61595511 1.69537800
14.1438098 1.15859658
3.10190426 1.72115696
9.93163261 1.07822855
14.6606529 2.02333712
8.95974658 1.19854710
15.1808664 1.15126314
4.15510657 2.27754820
10.7558868 0.74832474
11.2218101 3.30546766
8.03528615 2.34759670
0.95173580 12.2313258
12.6095698 1.34291178
1.45254767 18.8425625
10.3494852 1.02552113
2.71897469 8.71769237
2.91668738 1.97076916
15.4287658 1.70961539
12.3960713 1.52370437
9.83940129 1.03707700
1.27519763 37.0729657
15.4297539 1.19047783
5.21128093 1.77382381
3.75916381 3.66135123
10.4252911 1.77403401
11.3760061 0.37351310
6.06820058 0.67650933
5.79623722 0.83503988
5.79360132 0.57061460
11.6849510 1.22564737
6.07158736 0.84157685
5.85185310 0.83693390
5.86757056 0.59826947
6.49016551 1.11269389
6.01163148 1.03915357
5.99571623 0.39630066
6.63666165 0.77185997
5.81075407 0.13846164
6.37405798 0.84980091
6.02032638 1.03300680
5.94746815 0.65009644
6.56490349 0.96561966
5.85482889 0.72230319
6.02951182 0.67042852
6.00233838 0.97277457
5.78893154 1.12376237
5.76190473 1.04185749
5.77600115 0.79365736
6.55134064 0.85370974
5.87030853 1.38773438
5.80982676 0.61271973
6.47572162 1.03545101
5.80857510 0.32508385
2.61579279 0.67895591
6.62683869 0.91650008
5.77246156 0.68870997
11.2817897 0.98607121
5.85226745 1.10792457
2.51055808 0.74932673
6.38617163 0.90230644
5.94264855 0.92618701
6.04891756 0.86778302
5.77027125 1.26816133
5.93356980 1.03824880
5.75170504 0.88555780
5.86607438 0.87851983
5.84936622 0.82080412
5.80896860 0.44814638
5.77643132 0.93755791
5.70384335 0.78409120
5.67399770 1.23002993
6.42114303 0.60369638
5.98981255 1.21638434
2.60966957 1.19726423
11.2338956 0.97518555
6.05153446 0.51112639
6.13147357 1.13912293
11.4615428 0.74698241
5.94619437 1.18157064
5.91112406 0.84435504
6.44198024 0.86835620
6.09549215 0.86257020
11.7649475 0.58775037
5.71372789 1.29840221
5.79101019 1.30282667
5.76487669 0.98342184
6.49421511 0.77965674
6.39236207 0.78782268
11.3214206 0.80631121
6.02151075 0.96963212
6.41077927 0.29419665
5.98800155 0.78179968
2.66403230 0.66021974
2.60614546 0.57097466
11.5241692 0.82616558
5.93328647 0.23221297
2.70358106 0.62047531
5.90310578 0.97825943
11.5763896 1.10237240
5.97059499 1.01807699
11.5826167 0.65817793
2.53025225 1.08289697
5.85266134 0.63482445
5.78970481 1.35346029
6.53376334 0.99241206
5.80148178 1.08786410
5.83110508 0.60700807
5.88101052 0.76401759
2.64969858 0.61936311
6.60177196 0.74689884
2.66106812 1.09354512
5.93462905 0.88863300
5.75186887 0.74951116
5.64572417 0.17116660
5.84851583 0.77887468
5.96440902 1.10283338
5.87456683 0.65088074
5.95532846 0.82452577
5.90233735 0.90998495
5.90636243 0.84641267
6.51160211 1.19694142
5.70227948 1.04146148
2.61068293 0.55210888
5.95486792 0.80761261
5.86620408 0.42284984
11.1001778 0.85266757
5.75927363 0.48010144
5.85764336 1.00377478
2.64331028 0.82045644
5.93624830 0.89829512
6.01503023 0.93442397
5.65995879 0.86670366
5.94163295 0.27378694
5.92803179 0.62215484
6.50974588 0.89602185
5.84976386 0.74806631
5.76264838 1.25633581
5.73528669 1.06239139
5.72450599 1.06959741
11.3073896 0.79478580
6.41466316 0.89859010
5.85120052 0.28109313
5.95919809 0.83404014
5.74794272 0.60350908
6.03019925 1.13627281
5.83763223 0.46266274
5.92961216 0.63540679
6.03129878 0.82972559
5.64136637 1.26176452
5.90915950 0.95995257
6.32157271 0.23558679
5.78669290 1.40515048
5.93666598 0.41899377
6.41856205 1.47743186
5.61861832 0.94879053
5.60094249 0.96059253
6.00391262 1.04493944
6.03048198 0.75729502
5.91353760 0.49286377
6.46002059 0.77440772
5.91052601 0.88346076
5.80138605 0.79763373
6.04115286 0.83434644
5.59936951 0.64789765
5.89645830 1.04951898
6.61319455 0.65380260
5.90827689 0.79722455
6.36920808 0.74857743
5.93570119 0.74572944
2.56944706 0.17451282
6.49827751 0.67287818
5.97563958 0.57402613
2.51797806 1.07261437
6.26514299 0.72074000
5.97798482 0.90660280
11.3074312 0.18724919
5.77501177 0.68983672
10.5409667 0.40918189
5.79448630 0.92457112
11.0779626 0.78411174
6.00179201 0.71600939
6.41229169 0.64578756
5.94334247 0.29026354
5.98836946 0.74531093
5.78132313 0.69377414
5.91324756 1.20609656
6.00962242 0.59088809
6.28746199 1.04070764
5.82242474 0.60505174
6.39587089 1.35755603
5.71417953 0.44104892
6.44969453 0.46286628
5.97128515 0.37781731
5.88942253 0.80615368
5.89099483 0.64624671
6.16250793 0.98181799
10.7379017 1.41171689
5.94813846 0.95425842
2.57820930 1.30306968
6.62368355 0.53438236
5.95398541 0.89557206
5.89951695 0.63680862
5.80976183 0.45500702
6.13826182 1.06534149
2.55185090 0.28171598
6.70858106 1.17981289
5.78527874 0.90578180
5.90227045 1.00005010
5.91178475 1.20611191
5.87577866 0.94547961
5.84740832 0.58991811
5.96151918 0.48125046
5.64985623 0.41893263
5.91188817 0.86352008
6.12626453 1.33668168
5.81109620 0.87897089
5.97725001 1.33395006
5.64787030 1.33039466
11.0392204 1.00522475
5.81489999 0.89080183
6.06777834 1.08082760
5.74137092 1.03303099
6.42606137 0.98529364
5.96642103 0.22630811
5.92637282 1.18096337
6.06387738 0.32988400
5.95367177 0.39902086
5.88119776 1.10465479
5.85376484 0.80373684
5.92617255 0.73945032
5.74290824 0.63034104
11.1883045 0.84212133
5.90452002 0.89685317
6.56136352 1.04235004
11.0235541 0.84100020
6.03286753 0.93347865
6.35034446 0.67948241
5.73935768 0.63745718
6.04947631 0.82534177
5.84331411 0.56618419
11.1674050 0.96838304
5.78846243 0.82264452
6.47727114 0.88203593
6.40451358 0.54651039
11.2088039 0.84066388
11.3849887 0.55290643
6.54805378 0.63012364
5.77777869 0.57295899
6.46756113 0.85622817
5.78731982 0.91803735
5.84327133 0.55582658
5.85327555 1.12171485
5.82494294 0.41841514
6.00730017 0.25838110
5.83703726 1.00954954
5.89142249 0.81328449
5.85968080 0.95022314
6.11061435 1.06180973
6.03191320 1.30469100
11.3821418 0.72748643
2.59164924 0.45457294
5.97624695 0.82788397
11.4565820 0.80123281
6.68064031 0.58698970
5.70480122 0.45176894
5.94937290 1.08212966
5.71390674 0.89565148
6.44388159 1.05949391
6.23919141 0.82117989
2.63122426 0.38162701
5.95040588 0.83098947
5.78945825 0.93824136
5.86259525 1.04863671
5.85840670 1.09445115
6.47782884 1.14560113
5.88082896 1.11066656
6.05252459 1.10235874
5.90652565 0.80210251
6.18285617 1.67504588
2.59508815 0.48271425
5.96417365 1.06138143
6.39518225 0.95714750
6.60736640 0.88160119
11.0882242 1.11731300
11.5561583 0.93062808
10.8672309 0.71076333
6.00284931 0.87323938
10.8714015 0.78469684
10.6269881 1.14005359
5.75605461 0.82534839
5.67257015 0.44319993
5.96096188 0.83677897
6.46589147 1.00526151
5.80040149 0.66850941
5.79581457 1.04646607
6.01637969 0.70888482
5.97076120 0.90420431
2.61573830 0.95697143
6.22797499 0.82989881
6.21137372 0.70686531
6.60474458 1.18551466
5.84930419 1.13203433
5.95969711 0.47049467
10.6318008 0.74534767
6.23432363 0.89945811
5.89430104 0.67637931
6.01995639 0.97864750
6.51989801 0.50140700
5.91407457 0.73287026
10.8636504 0.67309306
5.87324956 0.77410787
6.45804155 0.49551290
5.84549017 0.81234708
6.62909972 0.52738489
6.07011724 0.97275592
6.08067152 0.64040090
5.97814073 0.44607724
11.3615517 0.60237286
5.95177140 1.11763696
5.76371097 0.75820843
6.25711454 0.70824877
5.74080919 0.99208554
5.77504239 0.40107112
6.04968502 1.19864202
5.96203345 0.96869938
5.76545121 0.99875292
5.88354858 0.73877988
6.44148535 0.93466917
5.89651746 0.66823851
5.78836639 0.54675498
5.73717115 1.02954498
5.85172943 0.88670225
11.3380460 0.72006134
6.01699038 0.56195340
11.5974081 0.76020350
11.2163131 0.68617044
6.18358034 0.79015469
5.76649177 0.61003353
2.62751453 0.87702957
5.90191403 0.77888633
5.94347482 0.78442881
6.38856788 0.75202793
6.34983987 0.76001932
5.89866163 0.82281937
6.31259712 0.39519907
11.1400081 1.05036887
5.91071527 1.12915461
6.46319398 1.38015795
5.85765481 1.08854316
6.52789284 0.59659964
6.52756294 1.16907379
5.86140897 1.30182519
6.08339489 0.78029490
5.84130698 0.62013954
6.68529710 0.82680416
5.84835840 0.82948511
6.77141464 0.76383502
5.88818921 0.29359238
6.06935788 0.64234841
5.98536689 0.60751386
5.95654876 0.77864040
5.95170656 0.65741673
5.82357471 0.29954170
5.77997215 0.95947924
6.36114202 0.71843825
5.84069321 1.05763001
5.94887924 0.56551774
5.81394771 1.04662217
5.83939139 0.78889528
6.40761070 0.56362209
6.01094605 0.91423218
6.73766775 0.96263364
5.99635249 0.52369155
5.85620428 0.94251656
6.03036979 0.87275749
6.49688322 0.64729831
5.90244531 1.26533608
5.98414757 0.92146292
5.97372611 0.87618466
11.6342834 0.70338256
5.74573934 0.51725144
5.77791938 0.57144049
5.80398596 0.71622767
6.61665689 1.24145052
5.72891267 1.15549950
11.3305303 0.96959970
5.82453605 0.12201567
6.42384542 1.01933877
5.88941065 0.94617356
5.87823163 0.62640860
5.86129009 1.34525682
6.27364607 1.03677127
11.2312051 0.67320503
5.97384346 0.75948588
5.97316210 0.97365899
6.05912364 0.43162750
6.05172165 0.47693658
5.77360968 0.97677451
5.86008793 0.58545627
6.03895879 0.63636612
5.96729343 0.56449718
5.80847527 0.92458530
2.62214349 0.31132222
6.49332690 1.48323922
2.51006310 0.38040877
6.11598666 1.17840630
6.16032987 0.85232342
6.27664459 0.78878728
5.95241101 1.17570272
6.51417370 0.80907906
11.1256471 0.94549932
5.89309187 1.26647268
6.06899300 1.25007060
10.9766550 0.81089794
5.75880714 0.85200556
6.07361305 1.04225499
6.42900287 0.85382959
6.58734244 0.60221253
6.47009449 0.49938423
6.45884687 0.76445140
6.04564893 0.92426822
2.62006901 1.28796684
5.77021803 0.77659072
11.0258984 0.69828254
5.75519670 0.73213716
6.01598961 0.56074062
5.93897800 0.46397762
5.98578520 1.08719766
5.90590724 0.62371236
6.41658888 1.08971484
5.77094419 0.89371638
6.02449508 0.58398379
5.94140199 1.05635769
6.01812806 0.62292152
6.63362516 0.95481796
11.0899867 0.84147328
5.93983337 1.35805564
6.01198000 0.79777792
5.80601841 0.65962343
5.76694032 0.79855703
6.34810273 0.78567082
5.89858747 0.84149552
10.7395327 0.78714818
6.01107342 0.89368377
5.84677483 0.53775737
2.67888054 0.72528830
5.84936537 0.95856234
6.58912835 1.22074123
5.99349232 0.97260739
5.95989295 0.78267215
6.57810177 1.25931210
6.29804998 1.18201199
5.78909938 0.24901647
6.09994390 1.14879438
5.77082063 0.83113779
5.82772530 0.47713634
5.88871905 0.31089876
5.81966573 0.93069286
6.47530764 0.89948973
5.79365831 1.32094063
5.81663824 0.58812256
11.3970214 1.08676976
6.03267395 0.92800648
11.0980037 0.61886476
5.79996129 0.87498944
11.1828675 0.90061474
5.64465014 0.66133082
6.05027557 0.73138327
5.87497877 0.95877820
6.03547069 0.84324062
5.74806358 0.87483530
6.01751018 0.64910882
5.84411138 0.65162148
6.45315585 0.78285185
6.47000180 1.03220465
5.84778918 0.93609651
5.82791789 0.65524386
6.62273693 1.10223174
5.91613498 0.73961920
5.77079249 1.18833961
6.60112531 0.77255104
11.3196423 0.73740030
5.94360614 0.38312442
5.90252997 1.04303122
5.79144523 0.66493911
6.67110158 0.73640208
5.82134066 0.88026667
6.07333702 1.06735924
5.67631182 0.49094175
6.08771433 0.26729338
5.88164143 0.76941933
5.99436518 1.12666193
5.99830859 0.73490559
2.60469392 1.25828128
5.87158619 1.01946165
5.88427584 1.05926094
6.66949246 1.05782558
11.2632170 0.99300465
2.65666950 0.60923506
5.85887005 0.95179179
6.43330857 0.70601599
0.07716630 2.38049388
0.03516646 -0.8688516
0.04593759 -2.0202752
0.05987403 -1.5250120
0.07155172 2.18015092
0.03047841 4.12781861
0.03177323 -0.9647090
0.04685241 -0.0491658
0.04061785 1.44884185
0.03474446 -1.7859126
0.03533617 4.39351393
0.04200727 -0.0151601
0.05835481 1.03262619
0.03451884 -3.9793265
0.04044673 0.54441709
0.04388029 -2.4495273
0.04111729 -4.5597371
0.03404824 -1.6313333
0.03349562 -3.5955525
0.04702427 0.40175250
0.03318662 -0.7646229
0.04726191 -7.5360671
0.04996441 -2.0959211
0.04032947 6.30683371
0.05467269 -2.8257413
0.04726415 -1.2714957
0.04348167 0.54850640
0.08713387 0.29115599
0.04984471 -0.9536643
0.03853343 4.26202185
0.07055127 0.02305607
0.10051792 1.31500742
0.07112630 -1.1904515
0.04460922 -3.8955870
0.04089852 -3.7332826
0.03901312 -1.9462619
0.06839056 3.07219245
0.05349233 0.58417381
0.04708890 -3.5257540
0.06393108 -0.1477875
0.03419481 3.82504967
0.09793098 -4.5446579
0.03190590 3.94414590
0.04334636 -2.1674757
0.05350657 5.39504396
0.04607266 -3.1810406
0.05983568 0.01092031
0.03255733 -0.9956749
0.05458396 1.92426071
0.03606580 -0.4416447
0.03302545 -5.3120920
0.05873416 2.42485377
0.07232421 1.54208278
0.03151358 6.75624049
0.05129021 1.54016350
0.03681167 -4.0251898
0.03451521 1.32148741
0.07295086 3.53008347
0.04504583 -0.3159710
0.06158081 1.22738859
0.03697144 -2.5927698
0.04867386 5.07520971
0.06207957 -3.4774109
0.05239938 1.16703812
0.04404230 2.02080508
0.03071615 4.34030774
0.09486473 5.49610952
0.04637366 -0.3618268
0.04012485 2.68985299
0.03480789 -1.4567142
0.09406087 0.66285277
0.08945491 0.20482501
0.07926059 -0.3817329
0.05712883 -1.5943007
0.07062250 0.27964652
0.03412426 1.26093907
0.05317131 -0.2764808
0.04484982 3.83837826
0.03313337 0.33325501
0.05757315 -1.4642213
0.05885433 -4.2499285
0.05935304 1.88830727
0.03083866 1.88876424
0.04182475 1.22269360
0.03761060 -2.2114682
0.05853021 0.67088879
0.03470298 0.41244015
0.03753965 -0.7503025
0.03751168 3.89037081
0.03512538 -1.0443637
0.04559081 -3.5437992
0.03111995 -0.9109603
0.03246766 -5.1691978
0.03071152 4.01118614
0.05062322 -5.0363067
0.04038749 -1.6925863
0.05582862 -1.3281197
0.04955646 3.81292187
0.05001021 1.01875905
0.03729811 -1.4687139
0.03401536 3.00290650
0.03487886 -0.8456546
0.06238930 6.69705808
0.03916469 -1.7923629
0.03185010 -5.9938859
0.03689189 -3.9331184
0.11824926 2.35411529
0.04844520 -4.3169809
0.03223271 9.58183970
0.03098131 -3.2204724
0.05172720 4.84179335
0.04939153 -0.6080615
0.04451613 5.18450761
0.04289645 6.05338808
0.03559820 -1.4527948
0.08687559 1.16381103
0.03051375 5.77303525
0.03343546 3.19700120
0.03794264 5.18437290
0.05640561 3.76313652
0.06395829 -0.6363966
0.06099952 1.91772341
0.10944778 3.77735515
0.03191091 -0.7547803
0.03689381 8.24721480
0.04461959 -0.3889945
0.03028383 2.41210710
0.03307470 1.94221828
0.03603074 -7.1225972
0.03980157 1.28729052
0.04690021 -0.3980679
0.05513735 0.07713390
0.09683986 -1.7649625
0.09043669 1.05356740
0.07773588 -0.9566871
0.04123702 6.76576043
0.03901784 -0.6923707
0.04023603 4.93246109
0.05004462 3.16666699
0.03224241 1.05265369
0.04618022 -3.7579765
0.04134040 0.90016689
0.03576278 0.83741410
0.08490188 1.48603980
0.05419803 1.24759063
0.05718054 -0.7327214
0.06773074 3.10108051
0.06130010 -0.6679151
0.03070551 -3.0109127
0.04005897 0.35494933
0.04107732 -0.6878321
0.04393406 3.21161711
0.03439906 -0.2461389
0.14730166 1.29135036
0.04750450 3.99754880
0.05960462 -0.8548306
0.04622741 -2.2164625
0.06635270 0.90766692
0.05249837 -1.1609430
0.04423370 -0.2105310
0.04089327 -2.2558679
0.07367938 4.13119475
0.05090940 1.04644622
0.09520762 2.50573566
0.05013708 2.32229942
0.05713809 5.29187522
0.03996517 -1.2014084
0.11183904 2.31101703
0.03552295 -2.1070225
0.05156110 1.06567712
0.04748106 -3.5564296
0.03694586 -8.7388703
0.06001252 2.78584781
0.07861617 1.10267900
0.06222558 -0.1472145
0.05272138 3.63882819
0.03558120 7.22575995
0.03907196 -0.7852576
0.03030205 -0.5558593
0.06607046 -1.7464303
0.03311981 -3.5464340
0.05007214 2.66269449
0.04325193 4.15154102
0.03024899 5.68106939
0.04840200 0.35443964
0.03341502 0.60946431
0.04966134 2.40831618
0.04604137 0.20935962
0.04893404 -1.6893446
0.03795107 0.63126116
0.13989642 -1.3792676
0.03190777 -3.1868335
0.04363475 4.18411212
0.03075622 0.54458835
0.10768245 -0.5940765
0.03364423 -9.3858265
0.03208344 -1.5418646
0.03102985 -0.7158417
0.04391451 -5.3536347
0.04847261 2.37617517
0.04946594 0.27401111
0.03470461 0.27785242
0.03761903 -4.7424972
0.04338663 1.24170622
0.03493607 -5.1693972
0.10733839 3.88077301
0.03648209 -1.3084640
0.03559815 -0.0637532
0.08373322 2.63295454
0.03147568 -3.0094320
0.03368637 -1.6551518
0.03743731 3.68346927
0.05267395 2.27037483
0.04376303 1.60423086
0.04647480 2.16016954
0.03199553 2.74735495
0.05142617 -4.0825754
0.05084095 0.68646695
0.07303557 2.91652845
0.06373962 -1.1011890
0.04944887 -0.4729416
0.05045493 -0.3488936
0.05556990 5.14310523
0.03890695 4.77095793
0.07423902 1.97115320
0.04108511 0.93787073
0.04206009 0.48831903
0.04202633 0.90398231
0.05177299 2.70533958
0.04141254 2.54634284
0.14721124 2.48210067
0.04664615 -1.9539250
0.03311720 -4.8131293
0.04003921 -0.6949461
0.05997980 -1.8934699
0.04499645 2.54887836
0.05943431 -1.0545450
0.03495941 -4.4330559
0.07024832 2.10623448
0.04014782 -2.4790747
0.03318446 1.97972142
0.04494523 4.02404743
0.04807657 0.00114429
0.03991611 -1.7367701
0.03381267 0.50195717
0.04379633 -5.3757250
0.03295225 4.14160654
0.07866625 -1.2765456
0.08587557 -2.2512946
0.03681532 3.98303384
0.03966051 1.60231455
0.04702502 0.02084976
0.05634558 -1.3766791
0.04003210 1.22410029
0.03105112 -0.2882041
0.05455828 6.35988883
0.05955985 0.10009017
0.04421516 -1.0064740
0.03199402 -0.7888324
0.07172586 3.48260778
0.06941524 2.97144245
0.04027624 -0.9560655
0.04083411 1.77470815
0.04399682 -5.0726680
0.04391930 3.06691631
0.04135872 3.27266035
0.05336670 1.88581471
0.04262590 -0.1257302
0.03291925 1.72415922
0.06532681 2.09369623
0.03472224 -0.2890125
0.03225656 -2.9073077
0.10874541 1.76709248
0.03716632 0.17520782
0.03661843 6.33777742
0.07055112 -0.3400009
0.05844475 -3.0741441
0.06683141 0.86338342
0.03997402 -1.1193520
0.03560067 -7.6967978
0.03271852 0.39057250
0.03182045 4.56915004
0.03846852 1.00824159
0.06747315 -0.6361552
0.07236308 -1.1206775
0.08181478 0.38576415
0.11444750 -1.0110939
0.04048455 2.79496665
0.03790078 1.19447252
0.03431732 1.32737854
0.05810432 2.55075943
0.03139871 7.98109397
0.05768461 3.66624556
0.03917581 1.23241640
0.03453522 -0.4500784
0.03437037 4.74394700
0.08234654 0.51499570
0.04282154 2.03794723
0.03842188 -2.0729425
0.13965601 -1.1989012
0.03139927 1.20610849
0.03481675 -0.4290762
0.05309037 -3.6933194
0.03173124 3.44648821
0.03625554 -0.2810756
0.05248372 -0.7984215
0.04808741 4.48493331
0.04263864 1.72029380
0.05245823 3.82226726
0.04140715 -0.4503781
0.05490400 1.90442869
0.16748230 0.53666187
0.06226761 0.81009247
0.04718023 -2.3401507
0.03116786 5.99779835
0.03045740 5.34248296
0.05022196 -0.2229132
0.03156958 -3.4967461
0.14001311 1.40090660
0.04083807 3.43760907
0.06074449 1.57692088
0.03947372 -0.3338195
0.06471443 2.21001241
0.03042614 1.22457147
0.06890058 -2.4275957
0.05847122 -2.0381711
0.03796181 -0.5782357
0.06473244 1.83924112
0.04781264 -1.6784654
0.03282982 -0.8272999
0.04532694 -2.8723079
0.05758357 2.68559862
0.05573159 4.29711820
0.03294123 -1.5523957
0.05984856 0.78299845
0.06003868 3.98411534
0.04144707 6.42694428
0.03027919 11.1420253
0.04335547 2.62788679
0.04943343 2.13582262
0.04746457 3.35555523
0.03244339 -0.9598547
0.03700934 3.35020930
0.03201649 0.92242223
0.04590341 2.00005757
0.07578528 0.37794986
0.04112237 -0.8963064
0.03525279 -0.6883862
0.03639464 -0.1575399
0.04393814 -0.6366647
0.05478828 0.00115415
0.08961031 -0.0452199
0.03309457 -2.5001540
0.07205907 1.47028357
0.07926046 2.64200048
0.04080236 -0.3005427
0.03119403 1.55562129
0.03478167 -1.0095243
0.05348706 2.19099428
0.03454636 -0.8374587
0.05380327 -2.7747113
0.08370673 1.11260807
0.05612782 5.60827827
0.05857770 0.44247931
0.05266570 2.59554070
0.04471872 -1.7779143
0.03806302 7.76833388
0.06621751 -6.0214122
0.03305706 1.65066715
0.03704028 1.50447428
0.04777047 0.02492275
0.03311208 2.78982454
0.10674220 -1.2025022
0.04834549 0.86242851
0.07813288 -0.3214467
0.04387154 2.25488126
0.06289824 0.62530656
0.07019395 -3.0717586
0.03064295 -9.7472113
0.04183403 2.33369044
0.03700965 -3.4956842
0.03483728 -1.4831453
0.04944196 -2.3632271
0.03604564 -2.9105494
0.04888056 1.62993494
0.03589678 -0.3662677
0.04181435 -2.8199059
0.07647252 3.07273323
0.03719670 1.82890770
0.04866780 6.72309751
0.03127957 3.85056755
0.08261736 -1.7873874
0.04972677 5.85618314
0.06795441 3.99103791
0.04180634 5.71406576
0.06075442 6.18019174
0.04798534 1.22303903
0.03544546 -5.2228299
0.04168335 5.10022982
0.09644110 2.80609540
0.05472793 4.08270932
0.04719184 2.19684481
0.03145100 1.73548751
0.05506538 -4.5639650
0.03335960 -1.6960053
0.04288972 0.38502295
0.03055869 3.55221921
0.04253648 -1.9445903
0.03698050 1.22301509
0.05262419 7.05130954
0.04794492 4.81644431
0.07362656 1.26670392
0.07023040 1.72826952
0.09606582 -2.3958491
0.06663923 -1.0264915
0.04783421 0.18639565
0.03217094 10.6416598
0.05558122 -1.0818420
0.03638463 -3.7262023
0.04782937 -3.0084570
0.03360728 1.85669155
0.03873795 1.41641627
0.03402440 -1.0589717
0.03459984 4.98250099
0.03704227 4.58092589
0.03688616 2.09054485
0.10123841 1.96175944
0.12801158 0.60046005
0.12420328 1.04712876
0.07685226 3.74343184
0.03424972 -1.6279281
0.04479273 1.04086801
0.04036961 -0.3848083
0.03840013 -0.4299741
0.03112218 3.19368498
0.06969944 2.81086677
0.03680256 -0.3151732
0.04524142 3.55475815
0.06345216 2.48473639
0.11584715 -0.3723193
0.03344895 4.16657376
0.06305913 -4.8367193
0.09679716 0.32058577
0.03892797 1.49821369
0.04608800 -1.5036947
0.03449999 -2.7315644
0.04464937 -1.1421402
0.04549162 2.74860763
0.05301818 -1.0500721
0.03661004 -1.8271949
0.03493564 2.36007601
0.07004947 1.00269544
0.04940824 0.46520212
0.06250682 0.16775050
0.07473385 -4.7749414
0.04535543 2.38641665
0.07832964 -0.1347365
0.03337316 -2.5378986
0.03774560 -2.9936508
0.04860405 -1.1892812
0.04366953 -1.2307813
0.06254538 3.35985723
0.04144891 0.76981460
0.04884077 1.73733187
0.03713887 1.57142564
0.03164395 3.87804728
0.03575872 -7.5150367
0.04227305 0.51939776
0.03630173 5.88967335
0.04255502 2.47888225
0.04650229 -5.7939617
0.07902730 2.49166097
0.03548569 -0.1566733
0.05044920 -0.5660028
0.05645176 -0.5620548
0.04538569 -3.2667254
0.07981549 2.56332161
0.07010631 1.05819504
0.09064307 1.33186226
0.08922337 2.37736092
0.03372496 4.21921033
0.04027850 2.78295322
0.05798021 1.37328392
0.07886345 -0.9834524
0.03715174 -3.0837336
0.04610897 -5.8200226
0.03032051 6.07796290
0.03354823 -5.5965052
0.03611827 -9.4236164
0.05866770 -1.9429480
0.03887731 -3.1469352
0.04865886 5.62778048
0.05071256 0.20702967
0.09850091 2.38417066
0.03273451 -1.3307873
0.03637286 2.23106974
0.05926741 0.14156703
0.04013993 -6.1684963
0.03082834 -2.0920227
0.05069331 0.62304577
0.03543670 -0.2092981
0.03832997 -0.5818984
0.04180761 0.77459038
0.08608382 4.22193941
0.04827394 -0.7025642
0.10817505 1.90090274
0.03674708 -0.1217311
0.08591397 0.99419260
0.06357319 -0.5791344
0.03575170 -0.0581972
0.09151183 -1.1307067
0.04546673 8.63968276
0.06044064 0.65382014
0.04144904 -2.0835441
0.08342432 0.76930109
0.05227572 -0.5747927
0.03028005 9.87315537
0.04587534 1.15645111
0.04206476 2.86709202
0.05304718 1.35796323
0.03839601 3.24694688
0.06430994 -1.6444959
0.10836357 0.01379393
0.06494039 1.10472481
0.04245955 -0.3851524
0.07909228 2.09177753
0.07101812 0.59503024
0.03979836 2.74159254
0.08644875 0.91363443
0.03990814 1.19810326
0.04493210 4.92688988
0.04941337 -5.5413637
0.04745595 0.12728124
0.06135125 -3.2132117
0.06566929 6.27336188
0.03355524 3.14831032
0.13104647 -0.5437491
0.03247829 1.81752658
0.11506271 0.54055979
0.03610179 -3.5913930
0.03150819 -2.7500308
0.03127658 -4.3116159
0.03166300 0.34078449
0.03158114 -0.4366976
0.04430284 -3.1142987
0.05106942 -0.7122809
0.04486736 7.06984434
0.05258951 -3.3400740
0.06358641 3.72137268
0.04361314 1.64124195
0.06357239 0.92762412
0.03439736 -2.0224236
0.05007916 5.35485632
0.07101061 -0.1715559
0.04530495 0.87590995
0.04589667 -4.3904046
0.06317360 4.09042882
0.07927354 1.94344341
0.04107982 0.60616635
0.07428531 1.69289292
0.03617350 -3.8568071
0.03676033 -0.0108839
0.03901800 1.79205916
0.03667394 -1.5279330
0.08571853 0.13542088
0.05685828 -0.0867532
0.09542241 0.23562384
0.04467410 5.60238534
0.04382324 3.66884994
0.05126253 -0.7725709
0.04967401 0.49247431
0.05808121 5.06462020
0.04545706 -1.5592776
0.06314569 3.89496588
0.10101490 0.83789602
0.03297027 -0.7947141
0.03328734 -0.8229226
0.04603025 -0.2994592
0.03301794 1.21840828
0.03221397 5.16640700
0.03544967 -3.8403340
0.11596962 1.46839627
0.03316765 7.20323708
0.04114431 0.95198404
0.06633558 0.43718238
0.03740762 -4.0862731
0.04011219 2.53912773
0.04709239 -0.1923771
0.03281311 6.33645670
0.05042548 1.42288478
0.05469195 -0.1315062
0.09000949 -3.0893233
0.04601130 4.28165550
0.14270806 2.68714143
0.04613643 0.46608727
0.03143901 5.91156515
0.03047071 -3.4598177
0.03629698 -0.4893659
0.06466656 2.67081982
0.03172163 -1.8476309
0.06146141 1.46230320
0.08154962 3.75431831
0.03954535 -2.8409181
0.03089155 3.31583800
0.06151241 -0.6119673
0.05215385 4.44188177
0.04274831 -0.3106816
0.04119700 7.96015360
0.03329640 1.12190358
0.05123053 0.14999292
0.04536123 -0.0522688
0.05497080 3.25981077
0.03609801 -1.3550385
0.06856704 -3.5599278
0.15111396 0.74602811
0.04775654 4.56553214
0.07930293 -1.8968382
0.03371758 0.25145106
0.03011146 -8.7793596
0.04921031 0.18766174
0.05385102 1.98791890
0.05928449 3.96980625
0.04225331 -1.5691569
0.07855281 0.60999187
0.08257641 1.58345912
0.04052566 -3.9272008
0.04088957 -2.6618351
0.03089716 4.22116507
0.04991586 -1.6084971
0.04749315 0.46108319
0.05028441 3.23355272
0.05260853 2.53306349
0.03884219 -0.1809041
0.07237681 0.05257863
0.06181849 2.90340625
0.03283810 0.27618352
0.07790091 1.21817221
0.03764528 5.09115180
0.04414218 4.69751948
0.08757965 -0.4318170
0.09950097 2.02905605
0.03633203 4.21588287
0.07159126 0.02198411
0.08784383 1.75295579
0.03258385 -5.5457109
0.05862182 -0.1343147
0.03453412 -0.4854994
0.11001324 0.11544775
0.08027419 -1.4480590
0.06900344 0.55269592
0.04022665 8.56622044
0.03394123 2.23456822
0.04609796 -0.3705481
0.04768402 -1.6011398
0.04044195 1.52817491
0.05696761 1.61298531
0.05424367 0.39318954
0.04289263 2.78965083
0.05254764 5.04225426
0.06616850 -2.0280546
0.03030623 -5.7964541
0.03049859 1.44222841
0.06057484 -5.0368489
0.03890878 1.76783887
0.06097558 -4.4691505
0.13537392 1.24927249
0.03545859 2.70809970
0.03304464 0.02293406
0.04470273 -0.5997704
0.08831284 -0.3501914
0.08258829 0.82181123
0.05558389 0.05126229
0.03276461 4.73666043
0.17289733 0.98364996
0.03381806 -0.5759826
0.04241046 -2.3826215
0.04877749 1.05676037
0.04266520 0.97024603
0.03720743 1.94111939
0.04230431 2.34609673
0.05250645 -1.0667325
0.04361278 1.39983403
0.05392365 -2.2981218
0.04486278 2.71288427
0.13517487 -0.5059609
0.04276988 -1.1734910
0.07454930 1.08114880
0.04538908 4.52783725
0.03146935 -0.2081068
0.04018300 -0.3774963
0.08070722 -1.1386394
0.05732834 0.47900969
0.10597486 0.52427193
0.06980173 1.52257378
0.12056746 1.45794261
0.04598170 9.46166338
0.04946116 0.82051697
0.07416002 2.37056649
0.03321758 5.61476255
0.03170681 -3.9195898
0.05071437 2.83120193
0.03864357 -4.1436053
0.03105946 6.58408048
0.06611753 -0.7590547
0.04346807 4.98298288
0.04304523 -2.5964284
0.04086299 -7.1449640
0.05124412 3.65889145
0.11349692 1.50162834
0.04314340 -1.0654000
0.05896024 -1.6901922
0.03027479 1.06855319
0.05174955 -1.0528944
0.03769739 -0.7863108
0.06109172 2.04858038
0.05155455 0.49962229
0.04949494 0.39921747
0.11416092 0.45949547
0.04907492 2.11276954
0.06335476 3.79742478
0.03362554 3.79292611
0.03401747 -4.1180950
0.05286533 -1.6162226
0.03379171 -3.2099903
0.04586199 2.18670646
0.03088528 -6.4372220
0.06189048 4.63810807
0.03172855 2.78108610
0.11130301 1.17888320
0.07477874 0.00328778
0.08187927 1.92620888
0.03464100 -3.7893150
0.05093333 3.01850110
0.05960564 5.60057240
0.03445094 -3.2801767
0.06045601 0.51588799
0.06264934 1.51079821
0.05841192 -1.5582816
0.09574467 0.32491995
0.03944194 -1.7994328
0.08194538 -1.8200294
0.04594500 -3.5839279
0.04456181 -0.5133828
0.03963145 -0.2412609
0.03068098 4.12247829
0.05581962 4.95505935
0.04003114 -4.1438688
0.04894345 -0.8811063
0.03933947 1.63346050
0.03660595 -0.5128026
0.04306972 -6.1766102
0.03070553 4.40505313
0.05860239 -2.3697903
0.03197692 -5.8125242
0.03218914 -1.4000641
0.03187502 0.49453450
0.05261036 -0.1134768
0.03230273 -3.2444955
0.11886002 3.27879290
0.05494676 4.58957792
0.03405782 -1.1931088
0.03279135 -2.9382883
0.03511852 8.76347873
0.04863184 -4.6033272
0.03821694 -6.3486992
0.04287052 1.51644346
0.03446243 0.06029467
0.05726420 1.93234818
0.04084401 -0.8528425
0.03037623 9.26948103
0.03253438 3.08623555
0.04805909 -2.4368065
0.05498676 -0.3461415
0.03772038 -1.1992987
0.07003908 0.95820484
0.13541629 1.27649310
0.05594926 2.68608229
0.03288544 5.59289201
0.07416802 1.79436490
0.03463266 -4.1012619
0.03241645 0.09680524
0.04933742 3.12544649
0.04157639 -6.4770918
0.05235295 -1.9771852
0.03084060 -1.1069788
0.07719752 0.08892200
0.03537894 -0.6965603
0.03169697 -4.3734859
0.03253233 -8.1236325
0.05086315 0.94564095
0.07019724 3.11350105
0.03470290 1.83849693
0.04284802 -2.0941953
0.06805962 3.64472363
0.07125183 0.29859154
0.05586344 -0.4305750
0.06584322 3.82989715
0.05458524 -1.1364239
0.06112983 2.28540350
0.08692867 0.47586027
0.06871170 1.92714165
0.04722570 0.58549468
0.06121597 1.13004533
0.03457644 2.09233556
0.03421490 -3.2879090
0.08923832 2.04490574
0.03906594 0.28322925
0.03754035 -1.0510336
0.04226335 -2.6651078
0.03645166 -4.4072535
0.04753735 -1.3399384
0.05333884 -0.5639289
0.03303097 2.95812625
0.05158603 3.89408895
0.03370161 -5.4344242
0.06103673 -4.0916711
0.04225939 2.71023456
0.04997298 -1.3433055
0.03945691 0.36743732
0.06854307 4.09673696
0.03975226 4.42657517
0.04505547 0.40327317
0.04509163 1.77739367
0.06898362 -3.5168966
0.07174847 -3.2628390
0.06230954 2.75715861
0.05224695 4.40368208
0.03149446 6.28210366
0.04511136 -2.0247446
0.05452140 0.61791502
0.04193682 2.74295056
0.06782361 3.91261206
0.09261254 -1.1000918
0.03472691 -0.3455973
0.03467596 2.97930935
0.05933140 4.84220622
0.04299311 0.46879592
0.03041685 -1.1422607
0.06036528 2.96401232
0.03838266 0.28396159
0.03209118 -8.3091960
0.03743952 1.09615257
0.06737555 -1.9201936
0.04621374 -2.6965609
0.05955120 2.35494457
0.04192525 3.92657622
0.10829949 3.64118277
0.03293606 6.04550214
0.03830074 0.20954320
0.03820867 -1.5229735
0.07245975 0.32664591
0.06210881 2.54889467
0.03456215 5.40856619
0.04198745 -0.2324769
0.05202264 1.83945399
0.06438251 0.12496098
0.07633083 1.78105484
0.07606076 1.72714349
0.03309177 -1.5662810
0.09195768 -0.2162216
0.03574949 4.56568788
0.12747014 1.61630364
0.04705412 -3.8207181
0.07294504 0.08276941
0.03017522 -7.0754491
0.06397713 0.31598391
0.03309780 2.71641759
0.03941403 0.96823425
0.05953609 1.37415937
0.08205734 -2.4474203
0.04624452 3.78222534
0.03745310 2.88521240
0.03256063 -4.2082859
0.04553709 3.78015205
0.04006315 2.68707663
0.04469597 5.37709399
0.04521758 4.13942926
0.03576535 -0.7988431
0.04542353 -2.8396588
0.06413463 1.87407883
0.04628841 5.13707884
0.03980857 1.40969715
0.03037121 4.22490068
0.04692240 2.47084310
0.05904257 6.12602207
0.06345703 0.75433557
0.12399382 -0.1705428
0.03015138 -2.4045477
0.05222172 2.91213941
0.03128362 -6.0121952
0.03322813 1.40145775
0.03982355 1.93708968
0.09197299 -4.3515876
0.05843164 -1.5844819
0.05521759 2.18360509
0.04581029 5.21853252
0.05629951 -1.3406455
0.05744852 -0.6055029
0.03861376 1.45942650
0.05515623 1.56301920
0.03330406 -5.7017803
0.06547696 -0.8563001
0.09034574 3.37871848
0.09864162 0.34814840
0.05127017 2.00310210
0.03568658 -1.3088699
0.03077596 -2.6428490
0.05212510 -1.7208954
0.06945812 0.21463260
0.05650593 1.63610531
0.06515605 -1.7554213
0.05094969 -3.8290298
0.05215393 2.93341678
0.03093414 -3.9043455
0.04445637 -2.3815618
0.07031121 6.75513899
0.03305395 2.37214500
0.04173947 2.01050314
0.04581172 -1.1772840
0.05075534 3.64200451
0.03050412 -3.1079479
0.03287599 -2.5722856
0.04930689 -2.5938451
0.05786884 2.46028076
0.04842270 0.71216046
0.12277777 0.71530982
0.03184208 0.95780654
0.05206564 -3.0491805
0.07479165 -0.5796257
0.03015065 2.76800038
0.04256372 0.88712015
0.04531404 0.40619432
0.04076011 -0.6590326
0.05576231 -5.7091867
0.03717782 -1.1944332
0.04520515 -0.8344051
0.09426930 4.53821870
0.06618730 0.55003860
0.07805244 -2.9075780
0.03018344 6.68463143
0.10088798 -1.0128374
0.03167072 -9.5142499
0.05156345 1.19897097
0.04319191 -0.0037784
0.04163044 -6.9595994
0.03105049 -0.1515904
0.03424434 -5.5299152
0.03284065 9.57939054
0.04667037 -1.9335696
0.09449626 0.19387314
0.06323270 2.38595602
0.05662461 -1.7556399
0.06657380 -1.2004440
0.07695824 -3.7250057
0.04702511 -1.8571565
0.03117164 2.54898764
0.04049202 5.49612460
0.07444758 4.18680352
0.04189793 2.20863817
0.03406117 -2.3253268
0.03452712 1.89763612
0.03862585 1.21105057
0.03727156 -6.4553514
0.04552687 -1.9697837
0.04283379 -0.9885492
0.04533991 4.04831293
0.03218035 2.20554689
0.05539754 0.36933088
0.04486141 2.42910851
0.12568060 0.65186415
0.03846500 2.59800614
0.04292294 0.50318307
0.03192060 3.26515961
0.04841507 2.76021988
0.05192745 -0.2253198
0.06759804 0.16461905
0.06731921 -0.1543579
0.04216716 -0.0566030
0.05058546 -0.5598248
0.04887727 -0.5522992
0.05606912 -1.6323215
0.06997541 -0.8387529
0.05960940 -6.6376616
0.04801278 6.57827464
0.07391967 -0.4271326
0.04272466 -6.8618758
0.03012515 -1.3244707
0.04647944 -1.9247225
0.06870365 1.05828662
0.07918140 1.91491329
0.04330271 0.72632777
0.03901013 4.50092140
0.05405363 -1.2961837
0.03758820 -5.5201601
0.04429460 1.96828676
0.04255438 -1.2000300
0.04815408 2.45228410
0.04971838 9.01525055
0.04984260 -0.2975611
0.04928183 1.41732663
0.07501578 -1.3784331
0.05156196 2.94026464
0.04279642 -1.2308613
0.06899301 -0.9035020
0.04035413 -0.7775909
0.04342962 7.26120006
0.03376531 -7.2306817
0.07883541 -3.5336817
0.03609663 -0.9058725
0.06067858 2.05942549
0.04293715 0.71962103
0.05689672 3.09287466
0.04687715 1.87323743
0.04995551 3.47909502
0.05077068 -1.6781197
0.06748101 0.16781731
0.03149889 4.61081203
0.07270257 1.49918784
0.03166140 6.04687065
0.03061355 -1.3592859
0.06748253 0.67204315
0.10168798 -2.1112260
0.05081596 -1.8448054
0.05654651 3.45003449
0.05556745 3.61263789
0.03153052 -0.2495738
0.04974235 1.29923772
0.04342850 -2.6765593
0.03109871 -5.4314894
0.03152158 0.52952800
0.03562553 0.64758098
0.06272255 -0.6350208
0.04315190 -3.5078261
0.05545459 1.62738728
0.04309883 -4.8608443
0.08258089 1.65739523
0.06212742 -5.5099636
0.04148325 5.01303213
0.04441046 1.94413479
0.06248050 -2.9545583
0.04746809 -0.0589764
0.03566083 -2.1325326
0.07940296 2.13581758
0.03178064 5.44114863
0.07575421 3.35594056
0.05801110 -0.4712627
0.07056797 2.56033336
0.05640627 1.58980442
0.06258721 3.14559779
0.03110038 2.69292157
0.03304104 2.00418606
0.04089889 0.33516703
0.05219425 4.33301996
0.03756021 4.56466359
0.10117773 -0.0067132
0.08794999 -0.3169458
0.03083436 -0.8094838
0.04233898 2.37092952
0.04254596 -6.1416858
0.05689433 1.12646802
0.11170281 -0.6467776
0.04621540 -0.4061662
0.03230820 -0.4346436
0.05283925 3.80700825
0.04874556 0.18667821
0.04444581 4.35152314
0.16430968 0.52596711
0.04162830 0.22219971
0.03330052 -0.4803801
0.05248673 -3.0002003
0.05710572 -2.1153266
0.03375991 -6.6373868
0.07198431 2.01481991
0.05951095 1.04288013
0.04218734 -0.4501142
0.04147049 0.23611665
0.03693736 -1.2497504
0.04185188 2.20064969
0.05689328 -2.6866603
0.03279600 2.07850279
0.06190314 -0.4424329
0.03201215 0.02810183
0.03205949 5.42118831
0.04092494 0.08951096
0.03033391 -6.0835913
0.03854831 -3.4628918
0.03143841 -5.6361634
0.04289321 2.78041080
0.04980795 2.27232602
0.06746177 -5.3532024
0.03816317 0.75933523
0.06710451 -6.6131883
0.03557623 -9.1859352
0.06527455 -1.6579553
0.03485776 4.30172318
0.03740521 -2.4108946
0.05573640 0.22319027
0.03199358 -2.3535897
0.03424562 2.89599403
0.03488549 6.61616128
0.03358271 -3.8424264
0.14534672 -0.9359608
0.03107207 2.42483484
0.06135834 3.31234093
0.09165043 0.15693603
0.05147799 -4.4871080
0.04536703 0.55276574
0.07344463 0.06077934
0.08043469 -3.2572932
0.06722793 0.21185765
0.03331588 -6.1358633
0.06788060 -2.1292390
0.04736470 -1.5621324
0.04073459 0.93818321
0.03014137 -0.2298046
0.03400743 -1.9473920
0.08557566 1.45835453
0.05202757 0.20306259
0.07677865 5.35698420
0.04161089 0.25228220
0.04193734 2.44007728
0.04648513 2.83316310
0.06251986 0.04278989
0.09217181 2.57433983
0.04869741 5.68983631
0.08223139 0.10230213
0.06827251 2.43415012
0.04860632 1.44943626
0.04491564 0.17323852
0.04648278 -2.3736363
0.07838138 -0.3690911
0.03381242 -8.6701285
0.06055945 1.52693205
0.06332413 6.16799241
0.06702707 -1.4343276
0.05872248 0.79481138
0.03155769 -2.8783596
0.05250744 4.13460172
0.04488507 -4.8744695
0.04955725 1.15036542
0.03128114 -3.1693114
0.03645565 -4.2949546
0.04076327 9.56832441
0.03705747 2.66492063
0.06593782 2.72710792
0.03497023 0.17888015
0.04527612 1.04108768
0.03299470 9.18253045
0.03565897 3.34460716
0.03101701 -2.8769427
0.05832218 0.19837536
0.05085332 2.35744754
0.06764365 0.86643879
0.14271097 -0.0108000
0.04514223 3.42331283
0.03070385 -0.4820304
0.03527812 2.34391842
0.03287715 -3.7779455
0.11919506 -1.0482464
0.03192876 3.76638173
0.03025157 4.84846022
0.06189561 -1.6347579
0.06673244 -0.7827475
0.04958286 -0.5995927
0.05089579 -0.2275148
0.04768092 3.20229818
0.05362858 -1.3005028
0.03819880 0.43836826
0.05190165 0.68130109
0.10795656 0.88871328
0.04282968 -0.4705574
0.05067561 -1.2345080
0.04522943 0.64029201
0.05539115 -0.0563408
0.07374240 -1.5507511
0.06333666 2.96025410
0.08084124 1.05987119
0.03637265 -2.4531038
0.04391695 -1.1234806
0.05191939 -3.7099346
0.04481027 3.68655926
0.12400026 1.12661629
0.03314036 -0.2823167
0.04441655 -3.1545751
0.06055246 2.99626181
0.03321168 6.93697387
0.03917057 3.75095963
0.03645947 1.01585518
0.04430402 0.01388014
0.05613778 -1.3402990
0.04969268 0.35858640
0.05182495 2.32501299
0.03654377 3.14781396
0.03912835 0.56514450
0.06346903 4.58985758
0.03322460 -0.1043227
0.04477301 2.09878354
0.06359168 3.56095418
0.03244055 4.51977217
0.05698636 -1.2043072
0.03358882 1.46123907
0.04505721 2.59566821
0.03555458 -1.6651569
0.03719476 -2.5268126
0.03249140 -1.4055716
0.05091370 1.57892746
0.03694034 2.14203276
0.06169664 -1.9118040
0.03445870 0.40647831
0.08098399 -0.8809356
0.04075134 -2.7545846
0.05286603 -2.0725467
0.05519905 -3.2996530
0.06592877 -0.6060959
0.04498382 0.69784773
0.06322554 -5.7780827
0.03014867 -5.5520319
0.03205207 -2.4936261
0.04334111 1.06681309
0.05507713 1.94854861
0.03339927 2.95303174
0.06866828 -2.2041059
0.03259164 2.79513541
0.06365674 -1.0546265
0.03069293 1.35633185
0.07437117 1.22231865
0.03937748 -4.0501694
0.06364544 -1.8746072
0.10138524 1.56429735
0.08833065 -0.8669778
0.05100331 3.58344045
0.04710817 -0.1747099
0.03891841 -1.0395920
0.05082501 -1.7436825
0.03741624 -3.5607578
0.06064144 -0.4627693
0.03393739 -5.5027270
0.04678018 0.41683972
0.03977402 0.89577024
0.03831277 -4.2302533
0.03861258 1.48429663
0.10732445 1.16303270
0.03931192 -6.7424756
0.05668248 1.96836043
0.05447506 1.50434281
0.04544060 2.99768521
0.05103514 -3.8647161
0.03269794 7.32258434
0.06045104 1.76295395
0.04610126 3.75581623
0.03386223 2.35814456
0.03803482 2.33710412
0.06329252 3.87573676
0.03455563 4.54236433
0.04544699 -0.6048759
0.10134091 1.72065012
0.03367605 3.70159990
0.05542600 -0.2979514
0.03872928 -1.3580425
0.08195055 1.88533812
0.05379083 7.72406810
0.05973761 -1.0508013
0.04051207 -1.7686558
0.04240638 -2.2900033
0.03169246 -2.3753439
0.04527754 -6.4909761
0.04427466 1.92285375
0.05927581 -2.8064730
0.03194128 0.75775078
0.09330383 1.26935745
0.03415516 -0.4710661
0.07992883 0.83949764
0.04028640 -0.8552255
0.05566955 -0.4853578
0.06257060 -1.9173244
0.03752362 0.90476751
0.05085662 3.87305000
0.09466610 -1.0189237
0.03989290 -2.2820950
0.03299408 -2.4189752
0.03472095 0.81930811
0.11124994 0.99484056
0.07481195 2.82529599
0.04720795 2.76205110
0.06575846 2.63975247
0.05149552 0.34062622
0.06661322 4.38611715
0.12384832 2.36255069
0.09100043 -1.0510879
0.03725262 9.73377837
0.03107877 5.46434723
0.04621522 -3.2338186
0.03328818 -4.6329470
0.08748617 0.07799791
0.03407665 -6.1137370
0.07860463 -1.0689706
0.06885135 -0.5698698
0.04768041 -3.4706849
0.05884199 -1.1089479
0.03408550 1.25593569
0.03567347 -0.9167924
0.08086216 -2.2467669
0.03454250 -5.6082651
0.04932742 -3.9082748
0.05722251 0.68931801
0.03475617 -1.3520268
0.03045507 -1.3758982
0.03766129 -0.5975423
0.04640298 8.10704550
0.05198503 -2.9092166
0.04346227 -2.3422746
0.06457331 1.26242743
0.04580028 0.28399605
0.06273290 -2.5483106
0.03880124 -1.5220358
0.06881079 4.79136683
0.04865629 3.76725283
0.05341368 -2.6688540
0.03458100 7.76095546
0.05446501 -4.7831091
0.06700740 -1.1516402
0.05003187 -0.0070708
0.08855983 0.73940411
0.05008465 -4.3189272
0.04004269 0.95504139
0.04108396 3.86579582
0.04499550 -0.8768718
0.04775359 0.54146995
0.04944699 0.61401212
0.04196720 1.08336380
0.05247263 -2.6250141
0.04404662 -1.4161094
0.07695363 -0.5529148
0.04679906 1.79998467
0.03286658 -4.2621600
0.05169520 0.08527671
0.06165178 3.83731023
0.03921072 -2.1680829
0.09510659 3.23091889
0.04947303 3.52950442
0.05962962 -2.4094216
0.06355999 2.68518113
0.06897636 1.81989050
0.04331480 0.25417450
0.05115311 2.02965635
0.04618181 0.27355974
0.07955325 -4.4473345
0.06481280 0.72734347
0.04025433 3.07369660
0.04928883 3.21649836
0.05703224 -0.9518368
0.08053878 4.41172492
0.14502746 0.47077698
0.04897734 5.22362369
0.07027138 -0.9007401
0.06668214 1.23301065
0.11405446 -0.4422639
0.03803796 -0.2396186
0.03817413 -1.0395756
0.03222533 -0.9173382
0.03142399 -0.2578751
0.03472881 5.83727385
0.03653691 1.12006428
0.03507836 0.65759576
0.03916898 -2.4297253
0.06283668 -3.8196117
0.03443611 -0.1790950
0.03706185 1.05723388
0.03562291 -2.6733432
0.03347071 1.82356522
0.03839008 0.46517557
0.03693093 1.02801997
0.03964923 -0.0645963
0.03590693 -4.6004358
0.10807972 -1.8318248
0.04048178 -1.7012641
0.08079041 -1.4259182
0.06487686 0.24916801
0.04285995 1.65840927
0.03251613 5.79847528
0.04657716 2.08186243
0.03101949 7.97413468
0.04111830 1.36427016
0.03256363 4.90988976
0.06184160 1.38335005
0.07605262 -3.3177789
0.06168741 -2.1266227
0.04485443 -2.6407947
0.04294600 1.30654337
0.03577091 -10.094344
0.06666510 0.94106853
0.05525562 -1.0808611
0.09765775 -1.0152525
0.03117792 -3.8630928
0.06944349 0.88437630
0.05826985 1.01760364
0.03909495 4.79800350
0.11139410 -2.8446758
0.04157860 -1.0122903
0.05239902 2.11720358
0.05012828 0.71853405
0.03601107 -0.4381755
0.03389619 3.73127073
0.04515887 -2.8031931
0.03922472 3.52897894
0.06281262 3.64961680
0.05020712 -0.4464252
0.05295732 2.40617052
0.03738103 -4.2957430
0.03236757 9.98648788
0.03563862 1.40735594
0.05855495 -0.4132280
0.07487201 -0.5302371
0.09298871 -0.3652018
0.03345341 -0.8971743
0.05348591 1.15820300
0.04319152 0.85999207
0.05359738 -2.2338429
0.06357657 4.20641601
0.04862052 -2.6224516
0.05612655 -4.2955284
0.04249205 4.32901408
0.05682934 0.72725737
0.05984615 -1.9796955
0.04327566 3.36712650
0.05270301 0.94907570
0.05591479 -1.5162191
0.03036485 -0.1943779
0.03107453 -3.1259474
0.05338746 -0.5825773
0.04544881 -9.9008256
0.03548594 4.00346098
0.03479659 0.22886977
0.03814053 0.88268549
0.05512545 -3.8068903
0.06618824 -0.7516792
0.03356231 -5.2212124
0.03258703 4.79433668
0.03862633 5.66595593
0.03582523 2.12911252
0.03764925 5.23341748
0.05017320 -0.3785095
0.03349074 2.24060200
0.03177563 -1.7656528
0.03293804 -6.2472293
0.08787053 -0.6472368
0.03712601 -10.026594
0.05693978 2.61325548
0.03838034 -5.2490177
0.06308878 0.11535372
0.05995754 2.19812175
0.03058278 -4.2068287
0.04856798 2.17633274
0.09876753 -2.0402626
0.04862071 5.65921469
0.07681376 2.08251606
0.03381488 -1.7120102
0.04581605 1.57750474
0.04086015 -0.2882387
0.03018865 -0.2722532
0.04556337 -1.8397040
0.11877672 2.07184549
0.03794492 -1.9391371
0.11237825 0.60180969
0.08031112 3.81803855
0.03498922 0.43558707
0.03607613 -1.6320963
0.05963760 0.84603313
0.08457902 -0.1657305
0.05542097 -4.1151449
0.03143864 4.49143564
0.03380969 -3.3632965
0.08715406 3.19884383
0.03499994 2.71475556
0.03117703 -3.8419696
0.07068903 2.22780478
0.05114831 0.58324804
0.04588152 6.61924302
0.04716743 -1.9274614
0.03878579 -5.2537387
0.05879848 1.45091014
0.03921338 0.65933695
0.07288525 3.58238932
0.03472724 2.96593791
0.03163343 4.16174729
0.03166768 0.85226467
0.05203348 3.40019838
0.03354666 -2.1739972
0.03832978 -1.9071024
0.07655491 -0.5386429
0.05786179 -3.6837062
0.04780285 -1.6865460
0.04773375 4.42635047
0.03064148 0.61029167
0.03984057 -0.3148244
0.04664329 3.37577149
0.05743815 -1.8130576
0.08859025 -2.0592124
0.03266563 -0.1949990
0.07728362 2.35960461
0.04361166 5.69607363
0.04160735 1.08744788
0.07161830 0.56019914
0.05463084 -0.1538919
0.04504649 4.49970054
0.05913649 3.57660526
0.03247653 -0.4820593
0.05034740 1.66531172
0.03180073 -4.1784551
0.04187850 -2.2447093
0.03582492 2.94192666
0.06143742 2.28500147
0.07102760 -1.9477112
0.03330644 -4.8042808
0.04803253 -1.4896716
0.05255839 -7.7471294
0.04180837 -1.4667466
0.03451147 0.48096647
0.05738970 -0.0409571
0.04447097 -0.8994634
0.06384556 -1.2444610
0.10547497 0.70011874
0.03640116 0.17136532
0.05624874 -0.7066873
0.06887637 1.72549362
0.04005543 0.72868931
0.05369595 -0.2328971
0.03060340 3.16001923
0.03428272 -5.2196826
0.03557954 0.44613067
0.05752918 0.29494694
0.03292975 0.82476862
0.05903229 -3.8218899
0.06561099 0.04737496
0.07614724 -3.4751826
0.07800539 3.01492613
0.06263437 4.84443750
0.06110217 -0.5517830
0.03272809 6.47495985
0.05643773 -1.0213668
0.04724574 1.89557010
0.06333866 -4.3861236
0.05777704 -0.2015494
0.06849658 1.05526711
0.07136742 -2.1599763
0.03629624 -4.5824341
0.07941272 -3.8761650
0.04120897 -0.4859341
0.04647630 -0.7781577
0.04303073 6.29601860
0.05150458 0.44936474
0.11413286 1.77444834
0.04049995 1.36429030
0.03303344 4.02168845
0.03657650 1.74393349
0.03521554 1.21586217
0.03870153 -0.7563193
0.03109830 -1.2877967
0.03777993 -3.7939045
0.05787243 -4.2393977
0.03945866 -2.5948041
0.07011416 -1.9377945
0.08975882 1.31562309
0.06790305 0.26980004
0.07150422 1.00074492
0.05351976 -3.6211087
