# Events within the acceptance region of TUM40
# Energy [keV]
 0.699548
 0.740957
 0.833755
 0.628466
 0.71817
 0.668942
 0.637246
 0.771089
 3.13781
 0.798309
 0.737978
 0.636353
 0.701637
 0.698199
 2.5236
 5.19738
 0.795599
 0.680727
 0.770157
 0.780601
 0.712341
 1.49304
 0.752388
 0.837268
 1.83676
 0.790317
 0.626739
 0.878807
 0.954265
 0.703327
 0.788191
 0.97912
 1.5882
 2.38171
 6.90296
 0.722417
 0.663823
 0.775029
 0.797148
 0.904692
 3.16178
 1.23894
 2.5715
 0.756268
 0.624579
 0.810948
 3.17321
 0.776685
 0.60919
 0.726595
 0.735002
 0.651506
 8.37849
 0.642777
 0.633055
 2.60247
 0.750095
 0.630527
 1.32
 1.86643
 0.652291
 0.662651
 0.842898
 0.750396
 0.680931
 0.768582
 1.59136
 0.626239
 0.854994
 0.806127
 0.659196
 0.775675
 0.695071
 0.650525
 0.671979
